1	50	50	50	50	50
2	25	25	25	25	25
3	16.6667	16.6667	50	50	50
4	12.5	12.5	37.5	12.5	12.5
5	30	30	30	30	30
6	25	25	25	25	25
7	21.4286	21.4286	21.4286	7.14286	7.14286
8	18.75	18.75	18.75	6.25	6.25
9	16.6667	16.6667	16.6667	16.6667	16.6667
10	15	15	15	5	5
11	13.6364	13.6364	13.6364	13.6364	13.6364
12	12.5	12.5	12.5	4.16667	4.16667
13	11.5385	11.5385	11.5385	11.5385	11.5385
15	10	10	10	10	10
16	9.375	9.375	9.375	9.375	9.375
17	8.82353	8.82353	8.82353	8.82353	8.82353
19	7.89474	7.89474	7.89474	7.89474	7.89474
21	7.14286	7.14286	7.14286	7.14286	7.14286
23	6.52174	6.52174	6.52174	6.52174	6.52174
25	6	6	6	6	6
27	5.55556	5.55556	5.55556	5.55556	5.55556
29	8.62069	8.62069	5.17241	5.17241	1.72414
32	7.8125	7.8125	4.6875	4.6875	4.6875
35	7.14286	7.14286	7.14286	4.28571	4.28571
38	6.57895	6.57895	6.57895	3.94737	3.94737
41	6.09756	6.09756	6.09756	3.65854	3.65854
45	5.55556	5.55556	5.55556	3.33333	1.11111
49	5.10204	5.10204	5.10204	3.06122	1.02041
54	4.62963	4.62963	4.62963	2.77778	2.77778
59	4.23729	4.23729	4.23729	2.54237	2.54237
64	3.90625	5.46875	3.90625	2.34375	2.34375
70	3.57143	5	3.57143	2.14286	0.714286
76	4.60526	4.60526	3.28947	1.97368	0.657895
83	3.01205	5.42169	3.01205	1.80723	0.60241
91	3.84615	4.94505	2.74725	1.64835	1.64835
99	3.53535	4.54545	3.53535	1.51515	1.51515
108	4.16667	4.16667	3.24074	1.38889	1.38889
117	2.99145	4.70085	2.99145	1.28205	1.28205
128	3.51562	3.51562	2.73438	1.17188	1.17188
140	3.21429	3.92857	2.5	1.07143	1.07143
152	2.96053	3.61842	2.30263	0.986842	0.986842
166	2.71084	3.31325	2.10843	0.903614	0.903614
181	3.03867	3.59116	2.48619	0.828729	0.828729
197	2.79188	2.79188	2.28426	0.761421	0.761421
215	3.02326	3.02326	2.09302	0.697674	0.697674
235	2.76596	3.19149	2.34043	0.638298	0.638298
256	2.53906	2.92969	2.14844	0.585938	0.585938
279	2.68817	3.04659	1.97133	0.896057	0.537634
304	2.46711	2.79605	1.80921	0.493421	0.493421
332	2.56024	2.56024	1.95783	0.451807	0.451807
362	2.34807	2.62431	1.51934	0.690608	0.414365
395	2.1519	2.40506	1.64557	0.632911	0.379747
431	2.43619	2.43619	1.74014	0.580046	0.348028
470	2.23404	2.44681	1.59574	0.531915	0.319149
512	2.05078	2.44141	1.46484	0.488281	0.292969
558	2.06093	2.41935	1.34409	0.448029	0.268817
609	1.88834	2.21675	1.39573	0.410509	0.246305
664	1.88253	2.33434	1.43072	0.376506	0.225904
724	2.00276	2.27901	1.31215	0.345304	0.207182
790	1.96203	2.08861	1.32911	0.316456	0.189873
861	1.91638	2.03252	1.33566	0.29036	0.174216
939	1.97018	2.07668	1.22471	0.372737	0.159744
1024	1.80664	2.19727	1.31836	0.341797	0.146484
1117	1.74575	2.10385	1.20859	0.313339	0.134288
1218	1.84729	2.01149	1.27258	0.287356	0.123153
1328	1.69428	1.99548	1.16717	0.263554	0.112952
1448	1.62293	1.96823	1.1395	0.241713	0.103591
1579	1.61495	1.9316	1.04497	0.284991	0.158328
1722	1.65505	1.82927	1.1324	0.261324	0.14518
1878	1.46432	1.83706	0.985091	0.239617	0.13312
2048	1.58691	1.87988	1.00098	0.219727	0.12207
2233	1.45544	1.85849	1.0524	0.201523	0.111957
2435	1.54004	1.82752	0.965092	0.184805	0.102669
2656	1.37425	1.75075	1.03539	0.207078	0.0941265
2896	1.22583	1.84738	0.984116	0.189917	0.086326
3158	0.997467	1.75744	0.965801	0.174161	0.079164
3444	1.00174	1.69861	0.94367	0.188734	0.07259
3756	0.998403	1.74388	0.945154	0.146432	0.0931842
4096	0.98877	1.74561	0.939941	0.158691	0.0854492
4467	0.996194	1.66779	0.929035	0.145512	0.055966
4871	0.995689	1.67317	0.91357	0.133443	0.0718538
5312	1.00715	1.62839	0.894202	0.14119	0.0658886
5793	0.992577	1.56223	0.871742	0.146729	0.0604177
6317	1.00522	1.59095	0.862751	0.134558	0.055406
6889	0.994339	1.45885	0.863696	0.137901	0.0508056
7512	1.00506	1.44436	0.858626	0.139776	0.0465921
8192	0.994873	1.43433	0.836182	0.128174	0.0427246
8933	1.0019	1.49446	0.822792	0.128736	0.050375
9742	1.00082	1.33956	0.836584	0.118046	0.0461917
10624	1.00245	1.39778	0.83302	0.117658	0.0423569
11585	0.996979	1.35088	0.858869	0.11653	0.0388433
12634	1.00127	1.34162	0.811303	0.11477	0.0435333
13777	0.99804	1.36822	0.794803	0.127023	0.0399216
15024	1.00173	1.27463	0.795394	0.11648	0.0366081
16384	0.997925	1.28479	0.796509	0.112915	0.0335693
17867	0.999049	1.25091	0.780769	0.103543	0.0363799
19484	0.998255	1.21382	0.762164	0.105215	0.0333607
21247	1.00014	1.22606	0.755401	0.105897	0.0352991
23170	0.999137	1.17609	0.727233	0.101424	0.0323694
25268	0.999288	1.14572	0.738088	0.104876	0.0296818
27554	0.999855	1.17769	0.745808	0.099804	0.0308485
30048	1.00007	1.16647	0.72717	0.0948482	0.0282881
32768	0.999451	1.10321	0.715637	0.0961304	0.0289917
35734	1.00045	1.12358	0.70661	0.0937483	0.0265853
38968	0.999538	1.12785	0.732652	0.0911004	0.0269452
42495	0.998941	1.09778	0.707142	0.0929521	0.0247088
46341	1.00019	1.0563	0.685138	0.0917114	0.024816
50535	1.0003	1.07945	0.650045	0.0900366	0.0247353
55109	1.00074	1.06063	0.688635	0.0880074	0.0226823
60097	0.999218	1.03749	0.619831	0.0890227	0.0224637
65536	1.00021	1.02463	0.588226	0.087738	0.0236511
71468	0.999748	1.03893	0.631751	0.0860525	0.021688
77936	1.00018	1.01686	0.551093	0.0827602	0.0211712
84990	0.999529	0.998353	0.521826	0.0841275	0.0217673
92682	0.999655	1.00721	0.52815	0.0846982	0.0210397
101070	0.999802	0.993866	0.516968	0.082616	0.020283
110218	1.00029	0.992125	0.502187	0.0839246	0.0195068
120194	0.999634	0.983826	0.455514	0.0802869	0.0203837
131072	0.999832	0.97847	0.484085	0.082016	0.0202179
142935	1.0001	0.959527	0.464197	0.0822052	0.0199391
155872	0.999859	0.971631	0.426953	0.0817979	0.0189258
169979	0.999829	0.948647	0.44329	0.080304	0.0185317
185364	0.999924	0.947056	0.437248	0.0811916	0.018612
202141	1.00004	0.943154	0.422725	0.0769265	0.0185514
220436	1.00006	0.935192	0.390816	0.078254	0.0188263
240387	0.999846	0.930791	0.396236	0.0784152	0.0172638
262144	1.00002	0.930977	0.382042	0.0787735	0.0181198
285870	0.99993	0.925071	0.369224	0.0799314	0.0180152
311744	1.00002	0.920146	0.369053	0.0790713	0.0178031
339959	0.999974	0.917611	0.346365	0.078686	0.0180904
370728	1.00006	0.909697	0.342974	0.0764712	0.0168587
404281	0.999923	0.907661	0.333555	0.0755663	0.0169437
440872	0.99995	0.909448	0.331048	0.0745114	0.0166715
480774	0.99995	0.911135	0.333525	0.0747753	0.0171598
524288	0.999928	0.898075	0.315189	0.07658	0.0163078
571740	1.00002	0.899972	0.323661	0.0738972	0.0168783
623487	0.999941	0.889433	0.302252	0.0757835	0.0167606
679917	1.00005	0.886946	0.294374	0.0736119	0.016252
741455	0.999993	0.888051	0.290442	0.0746505	0.0163867
808563	0.999984	0.887686	0.283528	0.0730308	0.0160161
881744	1.00001	0.882399	0.281317	0.0732072	0.0162746
961548	1	0.876867	0.272425	0.0700433	0.0165878
1048576	0.999975	0.875711	0.274229	0.0719547	0.015974
1143480	0.999974	0.879464	0.256279	0.0675569	0.0163099
1246974	0.999981	0.870868	0.263157	0.0628321	0.0163195
1359835	1.00001	0.868672	0.260068	0.061	0.0158475
1482910	1.00003	0.868461	0.242395	0.0618042	0.0158809
1617125	1.00002	0.866012	0.253258	0.0622401	0.016047
1763488	0.999978	0.861957	0.254524	0.0646163	0.0157359
1923097	0.999976	0.861397	0.236884	0.0541054	0.0157818
2097152	0.999999	0.861907	0.240207	0.059104	0.0157118
2286960	0.999996	0.859066	0.228447	0.0551168	0.015807
2493948	1	0.858699	0.225245	0.0543115	0.0155376
2719670	0.999993	0.856188	0.230193	0.0535175	0.0155717
2965821	1.00001	0.856812	0.222046	0.0502222	0.0155943
3234251	1	0.853412	0.222602	0.0514957	0.0156296
3526975	0.999993	0.852019	0.217283	0.0486394	0.015665
3846194	0.999989	0.851244	0.215707	0.0461365	0.0155088
4194304	1.00001	0.850785	0.214326	0.0485539	0.0154853
4573921	1.00001	0.84703	0.207885	0.0457485	0.0154025
4987896	0.999991	0.847061	0.208896	0.0442772	0.0155476
5439339	1	0.847888	0.205052	0.0435623	0.0155074
5931642	1	0.846418	0.202988	0.0433185	0.0155185
6468501	1.00001	0.844871	0.201028	0.0425524	0.0154982
7053950	1	0.84369	0.195968	0.0403391	0.0154169
7692387	0.999995	0.845414	0.199463	0.0392661	0.0152813
8388608	1.00001	0.842255	0.195092	0.0384152	0.015372